#Index Latitude Longitude Latency(ms) NoOfHealthcareFacilities City Country
1 61.218056 -149.900284 104.822 44 Anchorage/AK USA
2 64.837776 -147.716385 158.869 9 Fairbanks/AK USA
3 41.30517666789044, 69.23544876285268 188 412 Tashkent Uzbekhistan
4 42.87382603006726, 74.56610790480931 182.25 517  Bishkek Kyrgyztan
5 45.515155009924946, -73.61486116346498 40.2 824 Montreal Canada
6 46.82129432611402, -71.24843590063156 45.623 245 Quebec_City Canada
7 45.362618667373034, -66.28987067697093 43.435 58 Saint_John Canada
8 49.8862917504262, -119.48983232268073 92.032 43 Kelowna Canada
9 49.26932201265114, -123.09229133932287 59 458 Vancouver Canada
10 49.885995051325665, -97.17274765249509 47.438 162 Winnipeg Canada
11 45.41692756709525, -75.66386642779521 39 395 Ottawa Canada
12 42.40381839314778, -82.21771426161466 32.331 41 Chatham/ON Canada
13 45.27375975307093, -75.73705699618314 51.301 97 Barrhaven/ON Canada
14 51.28667087171715, -114.00464600286028 79.501 60 Airdrie/AB Canada
15 45.27017233181634, -72.15720072221129 37.796 7 Magog Canada
16 51.03996278494388, -113.40856217968202 102.781 1 Strathmore/AB Canada
17 46.23797703931154, -63.13744932834128 42.234 19 Charlottetown Canada
18 43.671427970780805, -79.38640155590052 41.963 360 Toronto Canada
19 36.82864916065739, 10.159454048885015 114.199 285 Tunis Tunisia
20 -20.885667457207038, 55.465705415293826 296.595 34 Saint_Denis Reunion
21 -33.94561055054275, 18.472093584559726 178.205 184 Cape_Town South_Africa
22 -1.2317572258076463, 36.86182291619156 249.106 636 Nairobi Kenya
23 5.6072604212732475, -0.18007093495252893 253.223 333 Accra Ghana
24 50.08302640934495, 14.425778786701304 107.240 686 Prague Czechia
25 48.78309432476829, 9.190962352145776 110.287 635 Stuttgart Germany
26 -17.53946695318316, -149.56312525137406 159.700 38 Papeete  French Polynesia 
27 23.140128133188732, 113.293854530596 220.194 237 Guangzhou China
29 13.47513646620171, 144.7530158296601 273.761 19 Hagatna/Guam USA
30 52.27859523305708, 104.29804347037398 191.451 219 Irkutsk Russia
31 35.656348512989226, 139.75526599022456 170.565 892 Tokyo Japan
32 -33.852698570045625, 151.13264459410297 200.498 150 Sydney Australia
33 -37.74465177818045, 145.05420772933934 226.093 454 Melbourne Australia
34 -35.29700571574024, 149.13181399699252 222.301 170 Canberra Australia
35 -34.9169658216234, 138.5655948063061 236.783 378 Adelaide Australia
36 -41.24996264993513, 174.76537790841212 218.661 54  Ngaio/Wellington NZ
37 -46.43302618375646, 168.385930049172 193.277 5 Invercargill NZ
38 -26.656592053117578, 153.06416509766314 226.011 12 Kuluin Australia
39 -21.1846906359201, -175.21490555893695 321.483 3 Veitongo Tonga
40 7.262903892843187, 80.59814925060682 260.905 9 Peradeniya Sri_Lanka
41 64.1384092794216, -21.876811253339433 111.025 96 Rejkavik Iceland
42 64.0430318343467, -21.983792290350532 133.247 14  Hafnarfjordur Iceland
43 78.21801472202733, 15.630646072926192 143.476 4  Longyearbyen Svalbard/Norway
44 38.75379477904931, -9.279940720392908 126.787 12  Massamá Portugal
45 40.203551050032935, -8.41218158799047 140.005 76 Coimbra Portugal
46 40.34697189919084, -8.598569988668949 123.907 8 Cantanhede, Portugal
47 38.79388474793016, -9.106103497399081 113.574 6 Sacavém Portugal
48 38.72295230843577, -9.141344188371285 111.498 320 Lisboa Portugal
49 41.15580097256374, -8.626248369177738 139.460 206 Porto Portugal
50 41.44436643134446, -8.29403946905169 132.763 22 Guimarães Portugal
51 40.41949699960645, -3.6830088234911837 105.960 235 Madrid Spain
52 41.409075080737814, 2.1845127852637987 105.732 1024 Barcelona Spain
53 -71.40532304576124, -70.1491409790378 775.023 3 Alexander_Island Antarctica
54 41.32451987028566, 19.80099322431193 147 416 Tirana, Albania
55 36.30331754251953, 7.945456283925122 170.854 25  Souk_Ahras Algeria
56 42.50603334767975, 1.5229835865735541 111 26 Andorra_la_Vella Andorra
57 42.556022172320795, 1.534568944043431 105.388 3 Ordino Andorra
58 -8.482160483611672, 13.303824791631337 200.979 333 Luanda Angola
59 -34.604609003066685, -58.38247293989255 164.894 514 Buenos_Aires Argentina
60 40.27919212759919, 44.63226970755411 164.926 17 Abovyan Armenia
61 46.78317861429237, 15.547219136961235 196.001 56 Leibnitz Austria
62 26.226982943667256, 50.54209018839067 179.568 55 Manama Bahrain
63 40.39266874891189, 50.049719309017476 181.144 206 Suraxani Azerbaijan
64 40.38517630990644, 49.82818410395521 171.384 600 Baku Azerbaijan
65 40.63165994581435, 47.736968931753594 182.065 15 Goychay Azerbaijan
67 23.82019211396681, 90.40793102684498 270.442 982 Dhaka_North Bangladesh
68 52.100792397056765, 23.747214733783576 134.154 236 Brest Belarus
69 51.263282193162645, 4.387313887697619 97.053 309 Antwerp Belgium
70 17.149050935596527, -89.07944980301028 69.569 35 San_Ignacio Belize
71 17.502388192077213, -88.20955885487565 81.055 43 Belize_City Belize
72 6.447208197886709, 2.332846088514544 188.826 98 Abomey-Calavi Benin
73 -17.333171772831392, -66.21923435573937 153.013 110 Tiquipaya Bolivia
74 43.109947839896826, 17.693907135857373 125.975 9 Čapljina Bosnia_and_Herzegovina
75 -24.62769941588848, 25.909910926323246 263.894 96 Gaborone Botswana
76 -23.54367709212285, -46.641761229235044 127.714 1101 São_Paulo Brazil
77 4.892799322940911, 114.92504320761338 264.310 57 Bandar_Seri_Begawan Brunei
78 42.65884354654627, 23.374797395192758 128.214 527 Sofia Bulgaria
79 12.357466831943453, -1.5323800215449863 185.985 252 Ouagadougou Burkina_Faso
80 -3.3643266163257266, 29.3694862609684 271.644 192 Bujumbura Burundi
81 11.544371454671113, 104.8036775301356 246.951 383 Phnom_Penh Cambodia
82 4.095148628207578, 9.750396381623167 198.141 246 Douala Cameroon
83 -33.442989390243184, -70.65725361964954 122.938 857 Santiago Chile
84 6.246241380639252, -75.57674763495241 55.543 681 Medellin Colombia
85 9.934985482630012, -84.05790137334495 58.210 59 San_Jose Costa_Rica
86 45.81464121123699, 15.979651661946752 117.387 279 Zagreb Croatia
87 23.125238304084352, -82.37491181894384 134.998 287 Havana Cuba
88 35.18397017240199, 33.37302469812821 144.697 178 Nicosia Cyprus
89 -4.391033175260528, 15.281545952686615 310.412 460 Kinshasa DrCongo
90 55.67098674961133, 12.590669136880944 107.218 354 Copenhagen Denmark
91 11.574372398793523, 43.14698058858624 162.517 41 Djibouti Djibouti
92 19.472845964715173, -70.68502847728179 33.643 173 Santiago Dominican_Republic
93 -0.16873985297957536, -78.45526234042187 91.903 1194 Quito Ecuador
94 30.053093595695472, 31.243356414414862 139.428 384 Cairo Egypt
95 59.42133666919804, 24.716093431983296 125.682 158 Talinn Estonia
96 -18.135362103863777, 178.43672420726352 231.581 27 Suva Fiji
97 60.170429337089374, 24.94028690468977 119.470 353 Helsinki Finland
98 48.85914319388136, 2.33467256679012 89.257 1554 Paris France
99 0.4181411372141923, 9.474508696231563 240.432 299 Libreville Gabon
100 41.73040543951542, 44.74335707110503 148.192 536 Tbilisi Georgia
101 35.33199204377216, 25.08344476246574 141.266 66 Heraklion Greece
102 14.632875655172347, -90.59974252511763 118.967 95 Mixco Guatamala
103 14.072082040439884, -87.17544702765204 41.156 278 Tegucigalpa Honduras
104 47.487594558670104, 19.074002937687315 122.985 939 Budapest Hungary
105 19.095123580183518, 72.881883578858 209.456 1571 Mumbai India
106 -6.259732574695134, 106.87760822289322 235.390 1244 Jakarta Indonesia
107 -0.3021597574511206, 100.37309587154535 352.428 10 Bukittingi Indonesia
108 -7.799846470550071, 110.36986627345787 314.634 230 Yogyakarta Indonesia
109 34.66748284428135, 50.88842081504741 184.604 119 Qum Iran
110 35.56617231988355, 45.39877304757277 164.313 323 Al-Sulaymaniyah Iraq
111 53.3295121896248, -6.268351377473028 118.017 974 Dublin Ireland
112 31.259738516025656, 34.8001554042176 178.655 20 Beer_Sheva Israel
113 44.50127427710591, 11.33958544329731 132.467 291 Bologna Italy
114 32.66047804266245, 35.83330582536294 237.705 1 Hubrass Jordan
115 53.24552252547696, 63.62721193222835 207.076 117 Kostanay Kazakhstan
116 29.381597762663734, 47.98178187558858 189.408 101 Kuwait_City Kuwait
117 56.98473224512624, 24.096836044556614 124.840 235 Riga Latvia
118 46.84817117099853, 29.607131999904055 147.474 77 Tiraspol Moldova
119 49.521122879399584, 5.9375423726190855 100.513 5 Soleuvre  Luxembourg
120 27.709556539192064, 85.33626166897933 282.406 562 Kathmandu Nepal
121 -19.680207023697566, 63.42460876123974 292.878 3 Mauritius
122 54.688151623122124, 25.304482582904125 122.696 329 Vilnius Lithuania
123 3.078477862250763, 101.50521486999484 209.125 63 Shah_Alam Malaysia
124 17.98099257045204, 102.59959274166678 240.947 191 Vientiane Laos
125 33.895130699367115, 35.4913220548147 137.188 475 Beirut Lebanon
126 47.142840210417184, 9.516501048661121 98.944 11 Vaduz Liechtenstein
127 -18.900022275581396, 47.515260735676605 303.027 142 Antananarivo Madagascar
128 -13.653409450749784, 33.93234724877418 397.940 2 Dowa Malawi
129 4.17522534159598, 73.5087349543917 246.275 6 Male Maldives
130 35.91234936289476, 14.42091803922637 135.771 10 Mosta Malta
131 42.431439822298486, 19.272702513343738 171.798 80 Podgorica Montenegro
132 33.966327257805716, -6.849711662020434 121.840 408 Rabat Morocco
133 19.39256636156743, -99.13949068055929 36.253 695 Mexico_City Mexico
134 6.9193118277672125, 158.16184054400395 182.804 2 Palikir Micronesia
135 47.89600868248378, 106.89846098092742 263.435 646 Ulaanbatar Mongolia
136 52.37601625935455, 4.898841948154864 90.567 282 Amsterdam Netherlands
137 -25.897770856402435, 32.60725076944996 247.347 73 Maputo Mozambique
138 -22.56815451177583, 17.082830847118885 283.729 64 Windhoek Namibia
139 21.95146476574882, 96.10021076774024 317.095 203 Mandalay Myanmar
140 9.064419076923004, -79.47924009687463 76.818 262 Panama_City Panama
141 10.284070483469169, -61.44862639445465 63.433 56 San Fernando Trinidad_and_Tobago
142 -34.809635829770826, -56.21448410937886 142.240 565 Montevideo Uruguay
143 -24.24825225897093, -54.758348735600734 139.754 3 Katueté Paraguay
144 -12.047459006187553, -77.07442208647636 95.120 757 Lima Peru
145 5.014074460502387, -52.47040081023118 109.083 4 Macouria French_Guiana
146 59.91784001483876, 10.76116636765887 102.090 598 Oslo Norway
147 41.145406927044775, 22.500939041014885 138.044 11 North_Macedonia
148 44.44404202209517, 26.08297664666585 144.088 1325 Bucharest Romania
149 14.596990629838714, 120.98471000618018 255.219 154 Manila Philippines